10
27.2 4.17 -15.5 -5.92 -11.7 8.51 10.7 11.2 -3.79 11.0 7.19
22.1 34.7 12.1 -24.4 -18.7 19.8 -1.75 -8.33 16.3 -5.22 -1.94
-2.20 -21.1 35.2 -20.8 -7.02 24.0 -19.9 2.20 -1.14 -15.2 -17.5
17.6 -1.01 -24.2 42.30 19.3 -19.8 3.25 -11.0 -10.4 1.76 -21.6
-17.7 1.89 -23.0 -21.9 -18.7 21.1 -22.0 19.4 12.1 -23.1 10.7
14.8 -4.65 12.8 11.4 -0.133 -17.7 -1.63 -19.3 -19.5 15.0 -21.2
3.27 22.4 18.8 18.4 -5.09 15.6 -18.5 -13.7 -22.5 -24.0 6.00
20.3 5.48 5.63 0.881 -4.19 3.19 21.5 -19.4 20.1 -24.7 20.6
3.01 16.0 15.0 -8.27 10.4 5.01 14.9 -3.35 20.3 -3.13 -20.8
-12.8 -19.0 -8.49 -8.91 -7.34 16.0 0.401 11.7 5.74 -24.1 -4.59
